{
	"Cfg": {
		"ConfigDone": 1,
		"MinInterMessage": 0.006000000052,
		"MaxInterMessage": 0.05000000075,
		"NomInterMessageTime": 0.008191999979,
		"GRef_Amp": 0,
		"GRef_F": 100,
		"GRef_Dc": 0,
		"GRef_Duty": 0.5,
		"GRef_bAngleSpeed": 0,
		"GRef_AnglePeriod": 1,
		"TRef_Amp": 3,
		"TRef_F": 100,
		"TRef_Dc": 3,
		"TRef_Duty": 0.5,
		"MaxRawCommChangeInCycle": 0.1700000018,
		"CommutationMode": 3,
		"UserPosOnHome": 0,
		"MaxSupportedClosure": 5,
		"qf0PBw": 250,
		"qf0PXi": 0.8999999762,
		"qf0ZBw": 100000,
		"qf0ZXi": 1,
		"qf0Cfg": 17,
		"qf1PBw": 250,
		"qf1PXi": 0.5500000119,
		"qf1ZBw": 100000,
		"qf1ZXi": 1,
		"qf1Cfg": 0,
		"SpeedKp": 7.949999809,
		"SpeedKi": 300,
		"PosKp": 5.300000191,
		"MaxAcc": 8,
		"ProfileSpeed": 1,
		"ProfileAcc": 5,
		"ProfileDec": 5,
		"ProfileTau": 0.009999999776,
		"OuterSensorBit2User": 0.001389031182,
		"MotionConvergeWindow": 0.004999999888,
		"PosErrorLimit": 1000000000,
		"BrakeReleaseDelay": 0.1000000015,
		"BrakeReleaseOverlap": 0.1000000015,
		"UseCase": 3121,
		"OuterMergeCst": 0.1000000015,
		"FloatParRevision": 1
	}
}
